Linux 3.10.42-52.145.amzn1.x86_64 (ip-172-31-42-33) 	08/11/2014 	_x86_64_	(1 CPU)

#      Time      TGID       TID    %usr %system  %guest    %CPU   CPU  minflt/s  majflt/s     VSZ    RSS   %MEM   kB_rd/s   kB_wr/s kB_ccwr/s   cswch/s nvcswch/s  Command
 1407798316      5312         0    0.00    0.00    0.00   91.01     0      0.00      0.00  280796  33536  23.29      0.00      0.00      0.00     98.00      0.00  mongod
 1407798316         0      5312    1.00    0.00    0.00    1.00     0      0.00      0.00  280796  33536   3.29      0.00      0.00      0.00     98.00      0.00  |__mongod
 1407798316         0      5313    0.00    0.00    0.00    0.00     0      0.00      0.00  280796  33536   3.29      0.00      0.00      0.00      0.00      0.00  |__mongod
 1407798316         0      5314    0.00    0.00    0.00    0.00     0      0.00      0.00  280796  33536   3.29      0.00      0.00      0.00      0.00      0.00  |__mongod
 1407798316         0      5315    0.00    0.00    0.00    0.00     0      0.00      0.00  280796  33536   3.29      0.00      0.00      0.00      0.00      0.00  |__mongod
 1407798316         0      5316    0.00    0.00    0.00    0.00     0      0.00      0.00  280796  33536   3.29      0.00      0.00      0.00      0.00      0.00  |__mongod
 1407798316         0      5317    0.00    0.00    0.00    0.00     0      0.00      0.00  280796  33536   3.29      0.00      0.00      0.00      0.00      0.00  |__mongod
 1407798316         0      5318    0.00    0.00    0.00    0.00     0      0.00      0.00  280796  33536   3.29      0.00      0.00      0.00      0.00      0.00  |__mongod
 1407798316         0      5319    0.00    0.00    0.00    0.00     0      0.00      0.00  280796  33536   3.29      0.00      0.00      0.00      0.00      0.00  |__mongod
 1407798316         0      5320    0.00    0.00    0.00    0.00     0      0.00      0.00  280796  33536   3.29      0.00      0.00      0.00      5.00      0.00  |__mongod

#      Time      TGID       TID    %usr %system  %guest    %CPU   CPU  minflt/s  majflt/s     VSZ    RSS   %MEM   kB_rd/s   kB_wr/s kB_ccwr/s   cswch/s nvcswch/s  Command
 1407798317      5312         0    0.00    0.00    0.00    0.00     0      0.00      0.00  280796  33536  23.29      0.00      0.00      0.00     99.00      0.00  mongod
 1407798317         0      5312    0.00    0.00    0.00    0.00     0      0.00      0.00  280796  33536   3.29      0.00      0.00      0.00     99.00      0.00  |__mongod
 1407798317         0      5313    0.00    0.00    0.00    0.00     0      0.00      0.00  280796  33536   3.29      0.00      0.00      0.00      0.00      0.00  |__mongod
 1407798317         0      5314    0.00    0.00    0.00    0.00     0      0.00      0.00  280796  33536   3.29      0.00      0.00      0.00      0.00      0.00  |__mongod
 1407798317         0      5315    0.00    0.00    0.00    0.00     0      0.00      0.00  280796  33536   3.29      0.00      0.00      0.00      0.00      0.00  |__mongod
 1407798317         0      5316    0.00    0.00    0.00    0.00     0      0.00      0.00  280796  33536   3.29      0.00      0.00      0.00      0.00      0.00  |__mongod
 1407798317         0      5317    0.00    0.00    0.00    0.00     0      0.00      0.00  280796  33536   3.29      0.00      0.00      0.00      0.00      0.00  |__mongod
 1407798317         0      5318    0.00    0.00    0.00    0.00     0      0.00      0.00  280796  33536   3.29      0.00      0.00      0.00      0.00      0.00  |__mongod
 1407798317         0      5319    0.00    0.00    0.00    0.00     0      0.00      0.00  280796  33536   3.29      0.00      0.00      0.00      0.00      0.00  |__mongod
 1407798317         0      5320    0.00    0.00    0.00    0.00     0      0.00      0.00  280796  33536   3.29      0.00      0.00      0.00      5.00      0.00  |__mongod

#      Time      TGID       TID    %usr %system  %guest    %CPU   CPU  minflt/s  majflt/s     VSZ    RSS   %MEM   kB_rd/s   kB_wr/s kB_ccwr/s   cswch/s nvcswch/s  Command
 1407798318      5312         0    0.00    0.00    0.00    0.00     0      0.00      0.00  280796  33536   3.29      0.00      0.00      0.00     98.00      0.00  mongod
 1407798318         0      5312    0.00    0.00    0.00    0.00     0      0.00      0.00  280796  33536   3.29      0.00      0.00      0.00     98.00      0.00  |__mongod
 1407798318         0      5313    0.00    0.00    0.00    0.00     0      0.00      0.00  280796  33536   3.29      0.00      0.00      0.00      0.00      0.00  |__mongod
 1407798318         0      5314    0.00    0.00    0.00    0.00     0      0.00      0.00  280796  33536   3.29      0.00      0.00      0.00      0.00      0.00  |__mongod
 1407798318         0      5315    0.00    0.00    0.00    0.00     0      0.00      0.00  280796  33536   3.29      0.00      0.00      0.00      0.00      0.00  |__mongod
 1407798318         0      5316    0.00    0.00    0.00    0.00     0      0.00      0.00  280796  33536   3.29      0.00      0.00      0.00      0.00      0.00  |__mongod
 1407798318         0      5317    0.00    0.00    0.00    0.00     0      0.00      0.00  280796  33536   3.29      0.00      0.00      0.00      0.00      0.00  |__mongod
 1407798318         0      5318    0.00    0.00    0.00    0.00     0      0.00      0.00  280796  33536   3.29      0.00      0.00      0.00      0.00      0.00  |__mongod
 1407798318         0      5319    0.00    0.00    0.00    0.00     0      0.00      0.00  280796  33536   3.29      0.00      0.00      0.00      0.00      0.00  |__mongod
 1407798318         0      5320    0.00    0.00    0.00    0.00     0      0.00      0.00  280796  33536   3.29      0.00      0.00      0.00      5.00      0.00  |__mongod

#      Time      TGID       TID    %usr %system  %guest    %CPU   CPU  minflt/s  majflt/s     VSZ    RSS   %MEM   kB_rd/s   kB_wr/s kB_ccwr/s   cswch/s nvcswch/s  Command
 1407798319      5312         0    0.00    0.00    0.00    0.00     0      0.00      0.00  280796  33536   3.29      0.00      0.00      0.00    100.00      0.00  mongod
 1407798319         0      5312    0.00    0.00    0.00    0.00     0      0.00      0.00  280796  33536   3.29      0.00      0.00      0.00    100.00      0.00  |__mongod
 1407798319         0      5313    0.00    0.00    0.00    0.00     0      0.00      0.00  280796  33536   3.29      0.00      0.00      0.00      0.00      0.00  |__mongod
 1407798319         0      5314    0.00    0.00    0.00    0.00     0      0.00      0.00  280796  33536   3.29      0.00      0.00      0.00      0.00      0.00  |__mongod
 1407798319         0      5315    0.00    0.00    0.00    0.00     0      0.00      0.00  280796  33536   3.29      0.00      0.00      0.00      0.00      0.00  |__mongod
 1407798319         0      5316    0.00    0.00    0.00    0.00     0      0.00      0.00  280796  33536   3.29      0.00      0.00      0.00      0.00      0.00  |__mongod
 1407798319         0      5317    0.00    0.00    0.00    0.00     0      0.00      0.00  280796  33536   3.29      0.00      0.00      0.00      1.01      0.00  |__mongod
 1407798319         0      5318    0.00    0.00    0.00    0.00     0      0.00      0.00  280796  33536   3.29      0.00      0.00      0.00      0.00      0.00  |__mongod
 1407798319         0      5319    0.00    0.00    0.00    0.00     0      0.00      0.00  280796  33536   3.29      0.00      0.00      0.00      0.00      0.00  |__mongod
 1407798319         0      5320    0.00    0.00    0.00    0.00     0      0.00      0.00  280796  33536   3.29      0.00      0.00      0.00      5.05      0.00  |__mongod

#      Time      TGID       TID    %usr %system  %guest    %CPU   CPU  minflt/s  majflt/s     VSZ    RSS   %MEM   kB_rd/s   kB_wr/s kB_ccwr/s   cswch/s nvcswch/s  Command
 1407798320      5312         0    0.00    0.00    0.00    0.00     0      0.00      0.00  280796  33536   3.29      0.00      0.00      0.00     97.03      0.00  mongod
 1407798320         0      5312    0.00    0.00    0.00    0.00     0      0.00      0.00  280796  33536   3.29      0.00      0.00      0.00     97.03      0.00  |__mongod
 1407798320         0      5313    0.00    0.00    0.00    0.00     0      0.00      0.00  280796  33536   3.29      0.00      0.00      0.00      0.00      0.00  |__mongod
 1407798320         0      5314    0.00    0.00    0.00    0.00     0      0.00      0.00  280796  33536   3.29      0.00      0.00      0.00      0.00      0.00  |__mongod
 1407798320         0      5315    0.00    0.00    0.00    0.00     0      0.00      0.00  280796  33536   3.29      0.00      0.00      0.00      0.00      0.00  |__mongod
 1407798320         0      5316    0.00    0.00    0.00    0.00     0      0.00      0.00  280796  33536   3.29      0.00      0.00      0.00      0.00      0.00  |__mongod
 1407798320         0      5317    0.00    0.00    0.00    0.00     0      0.00      0.00  280796  33536   3.29      0.00      0.00      0.00      0.00      0.00  |__mongod
 1407798320         0      5318    0.00    0.00    0.00    0.00     0      0.00      0.00  280796  33536   3.29      0.00      0.00      0.00      0.00      0.00  |__mongod
 1407798320         0      5319    0.00    0.00    0.00    0.00     0      0.00      0.00  280796  33536   3.29      0.00      0.00      0.00      0.00      0.00  |__mongod
 1407798320         0      5320    0.00    0.00    0.00    0.00     0      0.00      0.00  280796  33536   3.29      0.00      0.00      0.00      4.95      0.00  |__mongod

#      Time      TGID       TID    %usr %system  %guest    %CPU   CPU  minflt/s  majflt/s     VSZ    RSS   %MEM   kB_rd/s   kB_wr/s kB_ccwr/s   cswch/s nvcswch/s  Command
 1407798321      5312         0    0.00    0.00    0.00    0.00     0      0.00      0.00  280796  33536   3.29      0.00      0.00      0.00    100.00      0.00  mongod
 1407798321         0      5312    0.00    1.01    0.00    1.01     0      0.00      0.00  280796  33536   3.29      0.00      0.00      0.00    100.00      0.00  |__mongod
 1407798321         0      5313    0.00    0.00    0.00    0.00     0      0.00      0.00  280796  33536   3.29      0.00      0.00      0.00      0.00      0.00  |__mongod
 1407798321         0      5314    0.00    0.00    0.00    0.00     0      0.00      0.00  280796  33536   3.29      0.00      0.00      0.00      0.00      0.00  |__mongod
 1407798321         0      5315    0.00    0.00    0.00    0.00     0      0.00      0.00  280796  33536   3.29      0.00      0.00      0.00      0.00      0.00  |__mongod
 1407798321         0      5316    0.00    0.00    0.00    0.00     0      0.00      0.00  280796  33536   3.29      0.00      0.00      0.00      0.00      0.00  |__mongod
 1407798321         0      5317    0.00    0.00    0.00    0.00     0      0.00      0.00  280796  33536   3.29      0.00      0.00      0.00      0.00      0.00  |__mongod
 1407798321         0      5318    0.00    0.00    0.00    0.00     0      0.00      0.00  280796  33536   3.29      0.00      0.00      0.00      0.00      0.00  |__mongod
 1407798321         0      5319    0.00    0.00    0.00    0.00     0      0.00      0.00  280796  33536   3.29      0.00      0.00      0.00      0.00      0.00  |__mongod
 1407798321         0      5320    0.00    0.00    0.00    0.00     0      0.00      0.00  280796  33536   3.29      0.00      0.00      0.00      5.05      0.00  |__mongod

#      Time      TGID       TID    %usr %system  %guest    %CPU   CPU  minflt/s  majflt/s     VSZ    RSS   %MEM   kB_rd/s   kB_wr/s kB_ccwr/s   cswch/s nvcswch/s  Command
 1407798322      5312         0    0.00    0.00    0.00    0.00     0      0.00      0.00  280796  33536   3.29      0.00      0.00      0.00    100.00      0.00  mongod
 1407798322         0      5312    0.00    0.00    0.00    0.00     0      0.00      0.00  280796  33536   3.29      0.00      0.00      0.00    100.00      0.00  |__mongod
 1407798322         0      5313    0.00    0.00    0.00    0.00     0      0.00      0.00  280796  33536   3.29      0.00      0.00      0.00      0.00      0.00  |__mongod
 1407798322         0      5314    0.00    0.00    0.00    0.00     0      0.00      0.00  280796  33536   3.29      0.00      0.00      0.00      0.00      0.00  |__mongod
 1407798322         0      5315    0.00    0.00    0.00    0.00     0      0.00      0.00  280796  33536   3.29      0.00      0.00      0.00      0.00      0.00  |__mongod
 1407798322         0      5316    0.00    0.00    0.00    0.00     0      0.00      0.00  280796  33536   3.29      0.00      0.00      0.00      0.00      0.00  |__mongod
 1407798322         0      5317    0.00    0.00    0.00    0.00     0      0.00      0.00  280796  33536   3.29      0.00      0.00      0.00      0.00      0.00  |__mongod
 1407798322         0      5318    0.00    0.00    0.00    0.00     0      0.00      0.00  280796  33536   3.29      0.00      0.00      0.00      0.00      0.00  |__mongod
 1407798322         0      5319    0.00    0.00    0.00    0.00     0      0.00      0.00  280796  33536   3.29      0.00      0.00      0.00      0.00      0.00  |__mongod
 1407798322         0      5320    0.00    0.00    0.00    0.00     0      0.00      0.00  280796  33536   3.29      0.00      0.00      0.00      5.05      0.00  |__mongod

#      Time      TGID       TID    %usr %system  %guest    %CPU   CPU  minflt/s  majflt/s     VSZ    RSS   %MEM   kB_rd/s   kB_wr/s kB_ccwr/s   cswch/s nvcswch/s  Command
 1407798323      5312         0    0.00    0.00    0.00    0.00     0      0.00      0.00  280796  33536   3.29      0.00      0.00      0.00     97.03      0.00  mongod
 1407798323         0      5312    0.00    0.00    0.00    0.00     0      0.00      0.00  280796  33536   3.29      0.00      0.00      0.00     97.03      0.00  |__mongod
 1407798323         0      5313    0.00    0.00    0.00    0.00     0      0.00      0.00  280796  33536   3.29      0.00      0.00      0.00      0.00      0.00  |__mongod
 1407798323         0      5314    0.00    0.00    0.00    0.00     0      0.00      0.00  280796  33536   3.29      0.00      0.00      0.00      0.00      0.00  |__mongod
 1407798323         0      5315    0.00    0.00    0.00    0.00     0      0.00      0.00  280796  33536   3.29      0.00      0.00      0.00      0.00      0.00  |__mongod
 1407798323         0      5316    0.00    0.00    0.00    0.00     0      0.00      0.00  280796  33536   3.29      0.00      0.00      0.00      0.00      0.00  |__mongod
 1407798323         0      5317    0.00    0.00    0.00    0.00     0      0.00      0.00  280796  33536   3.29      0.00      0.00      0.00      0.99      0.00  |__mongod
 1407798323         0      5318    0.00    0.00    0.00    0.00     0      0.00      0.00  280796  33536   3.29      0.00      0.00      0.00      0.00      0.00  |__mongod
 1407798323         0      5319    0.00    0.00    0.00    0.00     0      0.00      0.00  280796  33536   3.29      0.00      0.00      0.00      0.00      0.00  |__mongod
 1407798323         0      5320    0.00    0.00    0.00    0.00     0      0.00      0.00  280796  33536   3.29      0.00      0.00      0.00      4.95      0.00  |__mongod

#      Time      TGID       TID    %usr %system  %guest    %CPU   CPU  minflt/s  majflt/s     VSZ    RSS   %MEM   kB_rd/s   kB_wr/s kB_ccwr/s   cswch/s nvcswch/s  Command
 1407798324      5312         0    0.00    0.00    0.00    0.00     0      0.00      0.00  280796  33536   3.29      0.00      0.00      0.00    100.00      0.00  mongod
 1407798324         0      5312    0.00    0.00    0.00    0.00     0      0.00      0.00  280796  33536   3.29      0.00      0.00      0.00    100.00      0.00  |__mongod
 1407798324         0      5313    0.00    0.00    0.00    0.00     0      0.00      0.00  280796  33536   3.29      0.00      0.00      0.00      0.00      0.00  |__mongod
 1407798324         0      5314    0.00    0.00    0.00    0.00     0      0.00      0.00  280796  33536   3.29      0.00      0.00      0.00      0.00      0.00  |__mongod
 1407798324         0      5315    0.00    0.00    0.00    0.00     0      0.00      0.00  280796  33536   3.29      0.00      0.00      0.00      0.00      0.00  |__mongod
 1407798324         0      5316    0.00    0.00    0.00    0.00     0      0.00      0.00  280796  33536   3.29      0.00      0.00      0.00      0.00      0.00  |__mongod
 1407798324         0      5317    0.00    0.00    0.00    0.00     0      0.00      0.00  280796  33536   3.29      0.00      0.00      0.00      0.00      0.00  |__mongod
 1407798324         0      5318    0.00    0.00    0.00    0.00     0      0.00      0.00  280796  33536   3.29      0.00      0.00      0.00      0.00      0.00  |__mongod
 1407798324         0      5319    0.00    0.00    0.00    0.00     0      0.00      0.00  280796  33536   3.29      0.00      0.00      0.00      0.00      0.00  |__mongod
 1407798324         0      5320    0.00    0.00    0.00    0.00     0      0.00      0.00  280796  33536   3.29      0.00      0.00      0.00      5.05      0.00  |__mongod

#      Time      TGID       TID    %usr %system  %guest    %CPU   CPU  minflt/s  majflt/s     VSZ    RSS   %MEM   kB_rd/s   kB_wr/s kB_ccwr/s   cswch/s nvcswch/s  Command
 1407798325      5312         0    0.00    0.00    0.00    0.00     0      0.00      0.00  280796  33536   3.29      0.00      0.00      0.00     97.03      0.00  mongod
 1407798325         0      5312    0.00    0.00    0.00    0.00     0      0.00      0.00  280796  33536   3.29      0.00      0.00      0.00     97.03      0.00  |__mongod
 1407798325         0      5313    0.00    0.00    0.00    0.00     0      0.00      0.00  280796  33536   3.29      0.00      0.00      0.00      0.00      0.00  |__mongod
 1407798325         0      5314    0.00    0.00    0.00    0.00     0      0.00      0.00  280796  33536   3.29      0.00      0.00      0.00      0.00      0.00  |__mongod
 1407798325         0      5315    0.00    0.00    0.00    0.00     0      0.00      0.00  280796  33536   3.29      0.00      0.00      0.00      0.00      0.00  |__mongod
 1407798325         0      5316    0.00    0.00    0.00    0.00     0      0.00      0.00  280796  33536   3.29      0.00      0.00      0.00      0.00      0.00  |__mongod
 1407798325         0      5317    0.00    0.00    0.00    0.00     0      0.00      0.00  280796  33536   3.29      0.00      0.00      0.00      0.00      0.00  |__mongod
 1407798325         0      5318    0.00    0.00    0.00    0.00     0      0.00      0.00  280796  33536   3.29      0.00      0.00      0.00      0.00      0.00  |__mongod
 1407798325         0      5319    0.00    0.00    0.00    0.00     0      0.00      0.00  280796  33536   3.29      0.00      0.00      0.00      0.00      0.00  |__mongod
 1407798325         0      5320    0.00    0.00    0.00    0.00     0      0.00      0.00  280796  33536   3.29      0.00      0.00      0.00      4.95      0.00  |__mongod

#      Time      TGID       TID    %usr %system  %guest    %CPU   CPU  minflt/s  majflt/s     VSZ    RSS   %MEM   kB_rd/s   kB_wr/s kB_ccwr/s   cswch/s nvcswch/s  Command
 1407798326      5312         0    0.00    0.00    0.00    0.00     0      0.00      0.00  280796  33536   3.29      0.00      0.00      0.00     99.00      0.00  mongod
 1407798326         0      5312    0.00    0.00    0.00    0.00     0      0.00      0.00  280796  33536   3.29      0.00      0.00      0.00     99.00      0.00  |__mongod
 1407798326         0      5313    0.00    0.00    0.00    0.00     0      0.00      0.00  280796  33536   3.29      0.00      0.00      0.00      0.00      0.00  |__mongod
 1407798326         0      5314    0.00    0.00    0.00    0.00     0      0.00      0.00  280796  33536   3.29      0.00      0.00      0.00      0.00      0.00  |__mongod
 1407798326         0      5315    0.00    0.00    0.00    0.00     0      0.00      0.00  280796  33536   3.29      0.00      0.00      0.00      0.00      0.00  |__mongod
 1407798326         0      5316    0.00    0.00    0.00    0.00     0      0.00      0.00  280796  33536   3.29      0.00      0.00      0.00      0.00      0.00  |__mongod
 1407798326         0      5317    0.00    0.00    0.00    0.00     0      0.00      0.00  280796  33536   3.29      0.00      0.00      0.00      0.00      0.00  |__mongod
 1407798326         0      5318    0.00    0.00    0.00    0.00     0      0.00      0.00  280796  33536   3.29      0.00      0.00      0.00      0.00      0.00  |__mongod
 1407798326         0      5319    0.00    0.00    0.00    0.00     0      0.00      0.00  280796  33536   3.29      0.00      0.00      0.00      0.00      0.00  |__mongod
 1407798326         0      5320    0.00    0.00    0.00    0.00     0      0.00      0.00  280796  33536   3.29      0.00      0.00      0.00      5.00      0.00  |__mongod

#      Time      TGID       TID    %usr %system  %guest    %CPU   CPU  minflt/s  majflt/s     VSZ    RSS   %MEM   kB_rd/s   kB_wr/s kB_ccwr/s   cswch/s nvcswch/s  Command
 1407798327      5312         0    0.00    0.00    0.00    0.00     0      0.00      0.00  280796  33536   3.29      0.00      0.00      0.00     97.03      0.00  mongod
 1407798327         0      5312    0.00    0.00    0.00    0.00     0      0.00      0.00  280796  33536   3.29      0.00      0.00      0.00     97.03      0.00  |__mongod
 1407798327         0      5313    0.00    0.00    0.00    0.00     0      0.00      0.00  280796  33536   3.29      0.00      0.00      0.00      0.00      0.00  |__mongod
 1407798327         0      5314    0.00    0.00    0.00    0.00     0      0.00      0.00  280796  33536   3.29      0.00      0.00      0.00      0.00      0.00  |__mongod
 1407798327         0      5315    0.00    0.00    0.00    0.00     0      0.00      0.00  280796  33536   3.29      0.00      0.00      0.00      0.00      0.00  |__mongod
 1407798327         0      5316    0.00    0.00    0.00    0.00     0      0.00      0.00  280796  33536   3.29      0.00      0.00      0.00      0.00      0.00  |__mongod
 1407798327         0      5317    0.00    0.00    0.00    0.00     0      0.00      0.00  280796  33536   3.29      0.00      0.00      0.00      0.99      0.00  |__mongod
 1407798327         0      5318    0.00    0.00    0.00    0.00     0      0.00      0.00  280796  33536   3.29      0.00      0.00      0.00      0.00      0.00  |__mongod
 1407798327         0      5319    0.00    0.00    0.00    0.00     0      0.00      0.00  280796  33536   3.29      0.00      0.00      0.00      0.00      0.00  |__mongod
 1407798327         0      5320    0.00    0.00    0.00    0.00     0      0.00      0.00  280796  33536   3.29      0.00      0.00      0.00      4.95      0.00  |__mongod

#      Time      TGID       TID    %usr %system  %guest    %CPU   CPU  minflt/s  majflt/s     VSZ    RSS   %MEM   kB_rd/s   kB_wr/s kB_ccwr/s   cswch/s nvcswch/s  Command
 1407798328      5312         0    0.00    0.00    0.00    0.00     0      0.00      0.00  280796  33536   3.29      0.00      0.00      0.00     99.00      0.00  mongod
 1407798328         0      5312    0.00    0.00    0.00    0.00     0      0.00      0.00  280796  33536   3.29      0.00      0.00      0.00     99.00      0.00  |__mongod
 1407798328         0      5313    0.00    0.00    0.00    0.00     0      0.00      0.00  280796  33536   3.29      0.00      0.00      0.00      0.00      0.00  |__mongod
 1407798328         0      5314    0.00    0.00    0.00    0.00     0      0.00      0.00  280796  33536   3.29      0.00      0.00      0.00      1.00      0.00  |__mongod
 1407798328         0      5315    0.00    0.00    0.00    0.00     0      0.00      0.00  280796  33536   3.29      0.00      0.00      0.00      0.00      0.00  |__mongod
 1407798328         0      5316    0.00    0.00    0.00    0.00     0      0.00      0.00  280796  33536   3.29      0.00      0.00      0.00      0.00      0.00  |__mongod
 1407798328         0      5317    0.00    0.00    0.00    0.00     0      0.00      0.00  280796  33536   3.29      0.00      0.00      0.00      0.00      0.00  |__mongod
 1407798328         0      5318    0.00    0.00    0.00    0.00     0      0.00      0.00  280796  33536   3.29      0.00      0.00      0.00      0.00      0.00  |__mongod
 1407798328         0      5319    0.00    0.00    0.00    0.00     0      0.00      0.00  280796  33536   3.29      0.00      0.00      0.00      0.00      0.00  |__mongod
 1407798328         0      5320    0.00    0.00    0.00    0.00     0      0.00      0.00  280796  33536   3.29      0.00      0.00      0.00      5.00      0.00  |__mongod

#      Time      TGID       TID    %usr %system  %guest    %CPU   CPU  minflt/s  majflt/s     VSZ    RSS   %MEM   kB_rd/s   kB_wr/s kB_ccwr/s   cswch/s nvcswch/s  Command
 1407798329      5312         0    0.00    0.00    0.00    0.00     0      0.00      0.00  280796  33536   3.29      0.00      0.00      0.00     97.06      0.00  mongod
 1407798329         0      5312    0.00    0.00    0.00    0.00     0      0.00      0.00  280796  33536   3.29      0.00      0.00      0.00     97.06      0.00  |__mongod
 1407798329         0      5313    0.00    0.00    0.00    0.00     0      0.00      0.00  280796  33536   3.29      0.00      0.00      0.00      0.00      0.00  |__mongod
 1407798329         0      5314    0.00    0.00    0.00    0.00     0      0.00      0.00  280796  33536   3.29      0.00      0.00      0.00      0.00      0.00  |__mongod
 1407798329         0      5315    0.00    0.00    0.00    0.00     0      0.00      0.00  280796  33536   3.29      0.00      0.00      0.00      0.00      0.00  |__mongod
 1407798329         0      5316    0.00    0.00    0.00    0.00     0      0.00      0.00  280796  33536   3.29      0.00      0.00      0.00      0.00      0.00  |__mongod
 1407798329         0      5317    0.00    0.00    0.00    0.00     0      0.00      0.00  280796  33536   3.29      0.00      0.00      0.00      0.00      0.00  |__mongod
 1407798329         0      5318    0.00    0.00    0.00    0.00     0      0.00      0.00  280796  33536   3.29      0.00      0.00      0.00      0.98      0.00  |__mongod
 1407798329         0      5319    0.00    0.00    0.00    0.00     0      0.00      0.00  280796  33536   3.29      0.00      0.00      0.00      0.98      0.00  |__mongod
 1407798329         0      5320    0.00    0.00    0.00    0.00     0      0.00      0.00  280796  33536   3.29      0.00      0.00      0.00      4.90      0.00  |__mongod

#      Time      TGID       TID    %usr %system  %guest    %CPU   CPU  minflt/s  majflt/s     VSZ    RSS   %MEM   kB_rd/s   kB_wr/s kB_ccwr/s   cswch/s nvcswch/s  Command
 1407798330      5312         0    0.00    0.00    0.00    0.00     0      0.00      0.00  280796  33536   3.29      0.00      0.00      0.00     97.03      0.00  mongod
 1407798330         0      5312    0.00    0.00    0.00    0.00     0      0.00      0.00  280796  33536   3.29      0.00      0.00      0.00     97.03      0.00  |__mongod
 1407798330         0      5313    0.00    0.00    0.00    0.00     0      0.00      0.00  280796  33536   3.29      0.00      0.00      0.00      0.00      0.00  |__mongod
 1407798330         0      5314    0.00    0.00    0.00    0.00     0      0.00      0.00  280796  33536   3.29      0.00      0.00      0.00      0.00      0.00  |__mongod
 1407798330         0      5315    0.00    0.00    0.00    0.00     0      0.00      0.00  280796  33536   3.29      0.00      0.00      0.00      0.00      0.00  |__mongod
 1407798330         0      5316    0.00    0.00    0.00    0.00     0      0.00      0.00  280796  33536   3.29      0.00      0.00      0.00      0.00      0.00  |__mongod
 1407798330         0      5317    0.00    0.00    0.00    0.00     0      0.00      0.00  280796  33536   3.29      0.00      0.00      0.00      0.00      0.00  |__mongod
 1407798330         0      5318    0.00    0.00    0.00    0.00     0      0.00      0.00  280796  33536   3.29      0.00      0.00      0.00      0.00      0.00  |__mongod
 1407798330         0      5319    0.00    0.00    0.00    0.00     0      0.00      0.00  280796  33536   3.29      0.00      0.00      0.00      0.00      0.00  |__mongod
 1407798330         0      5320    0.00    0.00    0.00    0.00     0      0.00      0.00  280796  33536   3.29      0.00      0.00      0.00      4.95      0.00  |__mongod
